
[2026-05-13 13:00:56] — Nuova matrice
[[81 89 92 87]
 [56 38  2 86]
 [61 15 80 47]
 [93 95 14 86]
 [ 8 69 11 91]]
----------------------------------------

[2026-05-14 09:08:29] — Nuova matrice
[[10 68 58 23]
 [87 17 28 11]
 [71  8 49 46]
 [96 34 71 74]]
----------------------------------------

[2026-05-14 09:08:34] — Sottomatrice centrale
[[17 28]
 [ 8 49]]
----------------------------------------

[2026-05-14 09:08:37] — Trasposta
[[10 87 71 96]
 [68 17  8 34]
 [58 28 49 71]
 [23 11 46 74]]
----------------------------------------

[2026-05-14 09:08:46] — Media elementi
46.9375
----------------------------------------
